$ANSIBLE_VAULT;1.1;AES256
31656264366339356163653832393933306138636330396361616231343238653936623162346336
3335306262656664653762343965663937666639626666650a633363343462613831663662626464
65663530373339363764393931663735666136353030623565353732623465333865363130343362
3038383536623935640a646565326132383438323933646465376539383561366165343036666536
39636239666630393036366461373164666536393261386664363764353030636563636365353237
65663339336664656538663233363432636534316230333162313038656466373636323633376532
37373232386631396262346563386334613231393835303830353337363563316336636266313836
32616165313438666361323364336561636566363034623565316130646165353961366439366338
37303864626231346536643232363266313166323233623332376365666264346538343766626539
32376233323739373465633931663265656539626661383532363266303432313738613332356233
34313732343466353035616163613263386265326666363831623962643063376361333439663038
33656431623463656530643735343735613832366631646138623834626264353639303532316565
32623637633733346562616339326362656538396230333065323338643636646564343962306537
30323738353536353236373064643564636161623438643238336164626433663139316536616462
62323736623266306463333066633736316261646664626431646133323739326238653262386232
64613564363266376239356263306435326136636637313861663464353564323562323237386335
37613433306561643065383463396563616632653935346638326366326661313937643031393832
38353433323066323466373838356237623138376462376431326530393930356634623065396133
31613535336366316635633065626562633561613731303635316234303162323865613766353038
36396332666663646434386438383236623135386563623166336464643264303866303064303430
30313137616538613339343939326231313137363837623636646165313532663338653034316439
66663434386663666133393061316538303635323430313634636630363035613635663633363961
63643533633136653934363863303632383832343335623161613633313331376530636238376463
39613565336265316331323330663234623033646666303831613365326362616139613662613564
35666565626632383735633833363330366531316232653961343163373963656165633166373261
38333961666538383432383165343262336331613665383330306631303964363362366665656262
65636639363039346133656561346530646534343063626364663163353330393039613238626366
36623732626366653838646235623238383733326131653866323937353438333039373939376437
31653665343564306665633565333630366239306139366432633935383437663866333461613735
37373636386633643039306230656538623232613736343265333765353038333534396233646435
61366533663139353839633663316665613433393464396266363464353530383032366639386236
35636265353566623266386365633564363239376164353833343839613861376437313935303561
3036
