$ANSIBLE_VAULT;1.1;AES256
30323836316138303335643536653539386265643564376639663637376338313632376239386361
3539323539626430663366613366306639633266343663370a326432653466636264653263303438
61303637366631633236313462356436326165633236313139386163666265393439656463646163
3565323739346165300a626535646363336131626566383539313161343639323837313663323166
31313031353336623864313261343562383761313132623065373237623333356433306463346464
39393938336365363934386333326666623930346565386331343361373635323131303632313666
33386230623830616366663133653435326436663230363338386237653065306639326665316664
63373865376634396330386661333262326233656566323666616131623534373437346536393439
33633865326664376339376134353863376161636131653564333434633866643932306339353935
30376133363939656637306662623864306461653535313539303338623139316466636261656361
65366332366130393036336136376230306435396136326131366363343630643363303162636462
66646636343566383331393661643730666538336162653432393761653964323066623361373565
35373335653230666636666264613835303434626563373337393339303634343436616263623761
31396461613964646364646463363433336137376664613037633735646637373764613934333764
34353662653666343135636661336230613034393834356362366563343861633939623164373239
63376133613761346362616131353036343031373063613666343435623465613765616666363365
32643635353031613230653630306639356132663761373336326339623361626430643064363939
38643862373066303064653432383338396531363163653430313335396539656133323764343039
35613432326266333531323435633732643234623736633331643032633731373230636333353162
64633063393761343838393730353663323335613036393930643531303062306162333539616662
33393761323664383962383037323965313831323030383334623766636639343632396661653335
35666630366466636438643831373733383536303265633534623962613863363761353065383732
39356235656632333932363638366138303864326364383537336236303731323365626331386230
38306362386633666664613539653661373366316634343262313439376636623361363364373264
61323064326366333639306637323132346236303230633032303163303435386439353236383865
34386462663035653263303062333561663336656462383361666562313763623263333535353830
30393464616230663066366466303338323063616361306137313762613138343339613465636639
35353538356463313365306635613564666632383532663964303264313130323665366433373362
62643165303861623364303430386631663933323566393031326435666531383431346662383162
38313165316631376163343334346561643134656231366435343839353834616639633833343061
34353830326666656636623663363036366331623736333536383363346333396365343531336235
34346162366365636638376435633063343064616136303832363931333437303138633765323539
39646136336636643164656531366266396162633364643330353230613466343237
