$ANSIBLE_VAULT;1.1;AES256
37623130393734653866346264363136356465366637313330353736363933653063373963396135
3238346365626563623135346664383765633534313634650a663233396231363037303334336131
37613432626636323335626239343564346432316165373933366661623635653132373339323064
3632396661363637380a613835373638343432373762656438626630386466623863393237366265
65616337623339396435613430393766346661636539663362336330393435323162383633333061
66323838633139376465356634663137323161613831633439363062613339343637306131613634
31373233623463343333356630316438346438613661346335333762316535333936643265386331
63623433343332613565316664363232306537616263626138356234376437343365636361316666
33656337323933613866383965613734653139643831613632376636366466313336323237303830
38613765303366666662373733343366653430303065633864383165623730306261313535366638
66656661366561336563323336373364666664653337326339383831363236396430656336333862
35643531643333616236326164313834363262633437633032373535303638323538636332306261
38636137656161633563356234376366313434653632633864383635323865396266323333313935
37373561356239626136633566313238383165666534323533643230633233303936396463346434
63356532623837613936646466643437643739643833623035663837626466303736393836383436
34316137346235646438383433336534616139613239313734376630313438326639636132336364
39633464356264396164386631373732346538373332363962326666336637666463336230353333
39376161613039663931646339373034373433623237653066366539353062653230373437363164
38343433633630643235316266313130303334656466333666383663346666376362343961383033
31326462633764656432633335343837313661336462616362633761336265633635306631376438
62396637316366633639376661303438333363343434353039326666353537623165666638363933
34656430663838643437386261613533333531623762383037663865376531623062366436663438
653834353263313561393835303238666239
